fc:e2:2e:62:9b:3d,2.688683131805121,-59,A
ea:2f:93:a6:98:20,2.688683131805121,-59,B
e2:77:fc:f9:04:93,1.83493973818,-54,C
b8:27:eb:bd:10:09,2.15925326168,-48,D
b8:27:eb:7c:ff:08,1.4948676427,-48,E
d0:6a:d2:02:42:eb,-28.62532981530343,0.0,F
ee:16:86:9a:c2:a8,-27.72236503856041,0.0,G
e4:87:91:3d:1e:d7,-28.924932975871315,0.0,H