fc:e2:2e:62:9b:3d,2.688683131805121,-59,A,-1,-1
ea:2f:93:a6:98:20,2.688683131805121,-59,B,-1,-1
e2:77:fc:f9:04:93,1.83493973818,-54,C,0,0
b8:27:eb:bd:10:09,2.15925326168,-48,D,-1,-1
b8:27:eb:7c:ff:08,1.4948676427,-48,E,-1,-1
d0:6a:d2:02:42:eb,-28.62532981530343,0.0,F,0,1
ee:16:86:9a:c2:a8,-27.72236503856041,0.0,G,1,0
e4:87:91:3d:1e:d7,-28.924932975871315,0.0,H,1,1